 -0.281163674267205100043236042448379460      
  0.191819371274589154461904897743180161      
  -6.56538264467863164234289687631076296E-0002
   1.79973782301942818280091265659416735E-0002
  -4.40722059946137693144362175597792864E-0003
   1.00757699338902037744175934682291103E-0003
  -2.19918176034638780825996863833452130E-0004
   4.64229216863493439059366096692598045E-0005
  -9.55522128943650967530165537744766711E-0006
   1.92828828418731267785154399301775389E-0006
  -3.83008376358846105622266557134809570E-0007
   7.50897131950325861072812741995891145E-0008
  -1.45618414477885139922916526848816421E-0008
   2.79790320931771526118183655610134975E-0009
  -5.33328776323500227167635256679335561E-0010
   1.00961812200934485468523062768389402E-0010
  -1.89971692705011217707934330252551192E-0011
   3.55545909035348915928844920563110717E-0012
  -6.62266210722620034938091859220296633E-0013
   1.22833225077621122145316623094349784E-0013
  -2.26949295652938696708868835976103467E-0014
   4.17916432450855807437058476130646778E-0015
  -7.67390570613715512168730847474822372E-0016
   1.42542726935029751203873387398878390E-0016
  -2.52134505860072740946212816047450312E-0017
